5.487478803843259811e-03 6.115667521953582764e-03 -9.999659657478332520e-01
4.194249631837010384e-04 1.211968623101711273e-02 -9.999265670776367188e-01
-1.848432235419750214e-02 1.541992370039224625e-02 -9.997101426124572754e-01
-4.786697402596473694e-02 1.511600427329540253e-02 -9.987396001815795898e-01
-7.040833681821823120e-02 3.036721423268318176e-02 -9.970558881759643555e-01
-7.648233324289321899e-02 4.236533492803573608e-02 -9.961702823638916016e-01
-6.951501220464706421e-02 5.024741217494010925e-02 -9.963145256042480469e-01
-6.442113220691680908e-02 5.614633113145828247e-02 -9.963420033454895020e-01
-5.921483412384986877e-02 6.210059672594070435e-02 -9.963115453720092773e-01
-5.393823608756065369e-02 6.581730395555496216e-02 -9.963728189468383789e-01
-4.727596417069435120e-02 6.845554709434509277e-02 -9.965330958366394043e-01
-3.888008370995521545e-02 7.014407217502593994e-02 -9.967790842056274414e-01
-3.003629669547080994e-02 7.095169275999069214e-02 -9.970273971557617188e-01
-2.371752075850963593e-02 7.045967131853103638e-02 -9.972324967384338379e-01
-2.013243362307548523e-02 7.083234935998916626e-02 -9.972848892211914062e-01
-1.825069077312946320e-02 6.802296638488769531e-02 -9.975167512893676758e-01
-1.377405971288681030e-02 6.868708133697509766e-02 -9.975429177284240723e-01
-7.459503598511219025e-03 6.545828282833099365e-02 -9.978273510932922363e-01
-3.540021833032369614e-03 6.556140631437301636e-02 -9.978420138359069824e-01
6.264161784201860428e-04 6.532768905162811279e-02 -9.978639483451843262e-01
1.085500977933406830e-02 6.305897980928421021e-02 -9.979504942893981934e-01
2.431382052600383759e-02 5.894180759787559509e-02 -9.979649186134338379e-01
3.366608172655105591e-02 6.107055768370628357e-02 -9.975655078887939453e-01
3.925321251153945923e-02 6.149064749479293823e-02 -9.973353147506713867e-01
4.461529105901718140e-02 6.228538230061531067e-02 -9.970608353614807129e-01
4.882089421153068542e-02 6.053107604384422302e-02 -9.969714283943176270e-01
4.937687143683433533e-02 5.753881856799125671e-02 -9.971214532852172852e-01
4.711745679378509521e-02 5.357967689633369446e-02 -9.974511861801147461e-01
4.341248795390129089e-02 5.030851066112518311e-02 -9.977899789810180664e-01
4.148293659090995789e-02 4.760386794805526733e-02 -9.980043172836303711e-01
4.143398255109786987e-02 4.834770411252975464e-02 -9.979705810546875000e-01
4.192386567592620850e-02 4.672294110059738159e-02 -9.980277419090270996e-01
4.268762841820716858e-02 4.486831650137901306e-02 -9.980806112289428711e-01
4.084829241037368774e-02 4.259927198290824890e-02 -9.982566237449645996e-01
3.909038752317428589e-02 4.389568045735359192e-02 -9.982709288597106934e-01
3.783820196986198425e-02 4.420145973563194275e-02 -9.983057379722595215e-01
3.739172220230102539e-02 4.291113093495368958e-02 -9.983789920806884766e-01
3.966362029314041138e-02 4.407258704304695129e-02 -9.982407093048095703e-01
3.880876675248146057e-02 4.749276489019393921e-02 -9.981173872947692871e-01
3.552012518048286438e-02 4.652088508009910583e-02 -9.982855916023254395e-01
3.470849990844726562e-02 4.817335307598114014e-02 -9.982358813285827637e-01
3.418726101517677307e-02 4.793317243456840515e-02 -9.982652664184570312e-01
3.333503752946853638e-02 4.728317260742187500e-02 -9.983250498771667480e-01
3.304307907819747925e-02 4.901180043816566467e-02 -9.982512593269348145e-01
3.481932729482650757e-02 4.616702347993850708e-02 -9.983267784118652344e-01
3.343744575977325439e-02 4.911628365516662598e-02 -9.982328414916992188e-01
3.454003110527992249e-02 5.127077177166938782e-02 -9.980872869491577148e-01
3.241846337914466858e-02 5.269425362348556519e-02 -9.980841875076293945e-01
3.139499202370643616e-02 5.308007076382637024e-02 -9.980967044830322266e-01
3.053383715450763702e-02 4.943093284964561462e-02 -9.983108043670654297e-01
3.071150183677673340e-02 4.912715405225753784e-02 -9.983202219009399414e-01
3.142398595809936523e-02 4.917531833052635193e-02 -9.982954263687133789e-01
3.138824924826622009e-02 4.914612323045730591e-02 -9.982982873916625977e-01
3.186720237135887146e-02 4.813271760940551758e-02 -9.983325004577636719e-01
3.142381832003593445e-02 4.919996857643127441e-02 -9.982941150665283203e-01
3.345904499292373657e-02 4.681410640478134155e-02 -9.983429312705993652e-01
3.124984353780746460e-02 4.599018394947052002e-02 -9.984530210494995117e-01
3.243059292435646057e-02 4.703192040324211121e-02 -9.983666539192199707e-01
3.213994950056076050e-02 4.453019425272941589e-02 -9.984913468360900879e-01
3.283073008060455322e-02 4.327226802706718445e-02 -9.985235929489135742e-01
3.345697373151779175e-02 4.335895180702209473e-02 -9.984992146492004395e-01
3.608390688896179199e-02 4.511827975511550903e-02 -9.983299970626831055e-01
3.910921886563301086e-02 4.544943571090698242e-02 -9.982005357742309570e-01
4.211621358990669250e-02 4.492979124188423157e-02 -9.981017708778381348e-01
4.370374977588653564e-02 4.636910557746887207e-02 -9.979678392410278320e-01
4.252312332391738892e-02 4.196651279926300049e-02 -9.982137084007263184e-01
4.114989191293716431e-02 4.164589568972587585e-02 -9.982846975326538086e-01
4.117167741060256958e-02 3.817532956600189209e-02 -9.984226226806640625e-01
4.429207369685173035e-02 3.641554713249206543e-02 -9.983543157577514648e-01
5.073539912700653076e-02 3.235580399632453918e-02 -9.981876611709594727e-01
5.948490276932716370e-02 2.839176729321479797e-02 -9.978252649307250977e-01
7.164864242076873779e-02 2.566951699554920197e-02 -9.970996379852294922e-01
8.988820761442184448e-02 2.341008186340332031e-02 -9.956766963005065918e-01
1.114219948649406433e-01 2.085105329751968384e-02 -9.935542941093444824e-01
1.388486921787261963e-01 1.920459792017936707e-02 -9.901270866394042969e-01
1.614146679639816284e-01 2.365704439580440521e-02 -9.866029024124145508e-01
1.818988323211669922e-01 2.568381279706954956e-02 -9.829822182655334473e-01
1.959850788116455078e-01 2.308220043778419495e-02 -9.803350567817687988e-01
2.064871639013290405e-01 2.511387318372726440e-02 -9.781265258789062500e-01
2.171201556921005249e-01 2.392191439867019653e-02 -9.758514165878295898e-01
2.269093990325927734e-01 2.192045934498310089e-02 -9.736688733100891113e-01
2.331335991621017456e-01 2.138100378215312958e-02 -9.722094535827636719e-01
2.367352545261383057e-01 2.071368880569934845e-02 -9.713532328605651855e-01
2.379980832338333130e-01 2.086844667792320251e-02 -9.710413813591003418e-01
2.369703054428100586e-01 1.957188360393047333e-02 -9.713194370269775391e-01
2.382621765136718750e-01 1.726967096328735352e-02 -9.710469841957092285e-01
2.398027032613754272e-01 1.351045724004507065e-02 -9.707275032997131348e-01
2.464696168899536133e-01 9.025311097502708435e-03 -9.691084623336791992e-01
2.560465037822723389e-01 4.027754068374633789e-03 -9.666562676429748535e-01
2.674202322959899902e-01 -3.648374229669570923e-03 -9.635729789733886719e-01
2.836912572383880615e-01 -8.591571822762489319e-03 -9.588770866394042969e-01
2.945527434349060059e-01 -1.617198809981346130e-03 -9.556336998939514160e-01
2.993108332157135010e-01 2.079043537378311157e-03 -9.541535973548889160e-01
3.038039207458496094e-01 4.050517454743385315e-03 -9.527257084846496582e-01
3.111072182655334473e-01 6.761331111192703247e-03 -9.503505825996398926e-01
3.234901428222656250e-01 1.118259504437446594e-02 -9.461655020713806152e-01
3.375443220138549805e-01 1.921397820115089417e-02 -9.411131143569946289e-01
3.488620519638061523e-01 1.666194200515747070e-02 -9.370257258415222168e-01
3.596552610397338867e-01 1.647481881082057953e-02 -9.329394698143005371e-01
3.692612051963806152e-01 1.802171766757965088e-02 -9.291508793830871582e-01
3.778358697891235352e-01 1.818242855370044708e-02 -9.256939291954040527e-01
3.832475841045379639e-01 1.987067051231861115e-02 -9.234317541122436523e-01
3.842813670635223389e-01 2.050741389393806458e-02 -9.229879975318908691e-01
3.818675875663757324e-01 2.060417830944061279e-02 -9.239869117736816406e-01
3.755691349506378174e-01 1.987012475728988647e-02 -9.265810847282409668e-01
3.663867712020874023e-01 1.739177294075489044e-02 -9.303004145622253418e-01
3.553487062454223633e-01 1.283782906830310822e-02 -9.346454739570617676e-01
3.427550196647644043e-01 5.373110994696617126e-03 -9.394094347953796387e-01
3.289996683597564697e-01 -3.665084019303321838e-03 -9.443228244781494141e-01
3.253302276134490967e-01 -3.933152183890342712e-03 -9.455918669700622559e-01
3.316741287708282471e-01 -8.878670632839202881e-04 -9.433932900428771973e-01
3.354541063308715820e-01 3.176365047693252563e-03 -9.420510530471801758e-01
3.411390781402587891e-01 5.115594714879989624e-03 -9.399989843368530273e-01
3.453525006771087646e-01 5.728324875235557556e-03 -9.384558200836181641e-01
3.496581614017486572e-01 6.200060248374938965e-03 -9.368567466735839844e-01
3.558994829654693604e-01 9.034588932991027832e-03 -9.344802498817443848e-01
3.624393641948699951e-01 1.234764233231544495e-02 -9.319256544113159180e-01
3.664695024490356445e-01 1.224945485591888428e-02 -9.303491115570068359e-01
3.689940273761749268e-01 1.284573413431644440e-02 -9.293428063392639160e-01
3.696880340576171875e-01 1.293101347982883453e-02 -9.290657639503479004e-01
3.674989938735961914e-01 1.185557432472705841e-02 -9.299482703208923340e-01
3.621972799301147461e-01 9.129064157605171204e-03 -9.320564866065979004e-01
3.545322120189666748e-01 5.225721746683120728e-03 -9.350289702415466309e-01
3.451513648033142090e-01 -5.084853619337081909e-04 -9.385468363761901855e-01
3.343994915485382080e-01 -8.454240858554840088e-03 -9.423932433128356934e-01
3.268890380859375000e-01 -1.166499964892864227e-02 -9.449908137321472168e-01
3.314757347106933594e-01 -1.281381119042634964e-02 -9.433770179748535156e-01
3.381405174732208252e-01 -9.849024936556816101e-03 -9.410440921783447266e-01
3.418862223625183105e-01 -7.765144109725952148e-03 -9.397092461585998535e-01
3.462620079517364502e-01 -5.876377224922180176e-03 -9.381191730499267578e-01
3.491299748420715332e-01 -4.067789763212203979e-03 -9.370655417442321777e-01
3.523382842540740967e-01 -1.629810780286788940e-03 -9.358712434768676758e-01
3.595642745494842529e-01 2.991830930113792419e-03 -9.331156611442565918e-01
3.671404421329498291e-01 7.394544780254364014e-03 -9.301360249519348145e-01
3.707083761692047119e-01 8.674809709191322327e-03 -9.287087917327880859e-01
3.750726580619812012e-01 7.862795144319534302e-03 -9.269617795944213867e-01
3.784497678279876709e-01 8.249405771493911743e-03 -9.255846738815307617e-01
3.794900476932525635e-01 7.453337311744689941e-03 -9.251656532287597656e-01
3.776282072067260742e-01 6.045740097761154175e-03 -9.259375333786010742e-01
3.722131252288818359e-01 3.765959292650222778e-03 -9.281396865844726562e-01
3.638556897640228271e-01 1.016933470964431763e-03 -9.314544796943664551e-01
3.535112440586090088e-01 -2.683609724044799805e-03 -9.354264140129089355e-01
3.416517972946166992e-01 -7.657991722226142883e-03 -9.397954940795898438e-01
3.292337059974670410e-01 -1.296445541083812714e-02 -9.441593885421752930e-01
3.265026211738586426e-01 -1.303951442241668701e-02 -9.451060891151428223e-01
3.276528418064117432e-01 -8.113158866763114929e-03 -9.447634220123291016e-01
3.281148076057434082e-01 -7.883910089731216431e-03 -9.446045756340026855e-01
3.315383195877075195e-01 -5.187910050153732300e-03 -9.434275627136230469e-01
3.350629508495330811e-01 -2.853594720363616943e-03 -9.421915411949157715e-01
3.400812149047851562e-01 -1.543121412396430969e-03 -9.403946995735168457e-01
3.467833101749420166e-01 3.074672073125839233e-03 -9.379402399063110352e-01
3.559612333774566650e-01 1.002522185444831848e-02 -9.344468712806701660e-01
3.620286285877227783e-01 9.586535394191741943e-03 -9.321171641349792480e-01
3.667782545089721680e-01 1.064905151724815369e-02 -9.302469491958618164e-01
3.698514699935913086e-01 1.201092079281806946e-02 -9.290131330490112305e-01
3.697005808353424072e-01 1.118840649724006653e-02 -9.290833473205566406e-01
3.676830828189849854e-01 1.053987070918083191e-02 -9.298914074897766113e-01
3.634870350360870361e-01 9.228549897670745850e-03 -9.315536022186279297e-01
3.570834696292877197e-01 6.623215973377227783e-03 -9.340485930442810059e-01
3.490312993526458740e-01 2.729907631874084473e-03 -9.371070861816406250e-01
3.396734893321990967e-01 -3.362722694873809814e-03 -9.405373930931091309e-01
3.293454945087432861e-01 -1.079867780208587646e-02 -9.441472887992858887e-01
3.227716684341430664e-01 -1.353624090552330017e-02 -9.463801383972167969e-01
3.276976048946380615e-01 -1.433112286031246185e-02 -9.446739554405212402e-01
3.314347267150878906e-01 -9.735407307744026184e-03 -9.434279799461364746e-01
3.315719068050384521e-01 -8.434856310486793518e-03 -9.433921575546264648e-01
3.312877416610717773e-01 -7.748344913125038147e-03 -9.434975385665893555e-01
3.301652371883392334e-01 -6.848849356174468994e-03 -9.438979625701904297e-01
3.332366347312927246e-01 -5.911452695727348328e-03 -9.428243637084960938e-01
3.406840860843658447e-01 -1.353472471237182617e-03 -9.401764869689941406e-01
3.491319715976715088e-01 5.834762006998062134e-03 -9.370551705360412598e-01
3.556154966354370117e-01 9.172841906547546387e-03 -9.345873594284057617e-01
3.594439625740051270e-01 9.660169482231140137e-03 -9.331166744232177734e-01
3.629956543445587158e-01 9.558733552694320679e-03 -9.317417144775390625e-01
3.643591105937957764e-01 9.353734552860260010e-03 -9.312114715576171875e-01
3.634188175201416016e-01 7.887136191129684448e-03 -9.315924644470214844e-01
3.598152995109558105e-01 5.629874765872955322e-03 -9.330069422721862793e-01
3.541897237300872803e-01 2.110350877046585083e-03 -9.351710081100463867e-01
3.466360867023468018e-01 -2.391424030065536499e-03 -9.379968643188476562e-01
3.373206555843353271e-01 -8.818922564387321472e-03 -9.413484930992126465e-01
3.270474076271057129e-01 -1.677338965237140656e-02 -9.448587298393249512e-01
3.242802619934082031e-01 -1.961437612771987915e-02 -9.457578659057617188e-01
3.221828341484069824e-01 -1.386457867920398712e-02 -9.465758800506591797e-01
3.206998407840728760e-01 -1.182830519974231720e-02 -9.471066594123840332e-01
3.215657174587249756e-01 -9.548954665660858154e-03 -9.468394517898559570e-01
3.247770667076110840e-01 -7.674988359212875366e-03 -9.457594752311706543e-01
3.290702104568481445e-01 -6.044551730155944824e-03 -9.442863464355468750e-01
3.360712230205535889e-01 -3.118161112070083618e-03 -9.418314099311828613e-01
3.462933301925659180e-01 2.254948019981384277e-03 -9.381235837936401367e-01
3.568070530891418457e-01 1.124088093638420105e-02 -9.341105222702026367e-01
3.622055053710937500e-01 1.178160309791564941e-02 -9.320236444473266602e-01
3.669016063213348389e-01 1.192433387041091919e-02 -9.301831126213073730e-01
3.702035844326019287e-01 1.275441423058509827e-02 -9.288627505302429199e-01
3.706670403480529785e-01 1.262898370623588562e-02 -9.286797642707824707e-01
3.665052652359008789e-01 1.107010245323181152e-02 -9.303497672080993652e-01
3.586496710777282715e-01 8.459869772195816040e-03 -9.334335327148437500e-01
3.483960032463073730e-01 4.649143666028976440e-03 -9.373358488082885742e-01
3.362118899822235107e-01 -3.624036908149719238e-04 -9.417861104011535645e-01
3.226127624511718750e-01 -7.774997502565383911e-03 -9.464989900588989258e-01
3.172867894172668457e-01 -8.687004446983337402e-03 -9.482897520065307617e-01
3.218803405761718750e-01 -8.716970682144165039e-03 -9.467399716377258301e-01
3.269601166248321533e-01 -7.753347977995872498e-03 -9.450060725212097168e-01
3.300761580467224121e-01 -7.374979555606842041e-03 -9.439254999160766602e-01
3.309436142444610596e-01 -6.210286170244216919e-03 -9.436299800872802734e-01
3.303641974925994873e-01 -3.968335688114166260e-03 -9.438449144363403320e-01
3.304673433303833008e-01 -2.283096313476562500e-03 -9.438145756721496582e-01
3.343874216079711914e-01 1.956053078174591064e-03 -9.424334168434143066e-01
3.426217138767242432e-01 7.341861724853515625e-03 -9.394445419311523438e-01
3.530845940113067627e-01 1.612842828035354614e-02 -9.354521632194519043e-01
3.580060601234436035e-01 1.680374890565872192e-02 -9.335681796073913574e-01
3.590157032012939453e-01 1.641188934445381165e-02 -9.331870079040527344e-01
3.586756885051727295e-01 1.694294810295104980e-02 -9.333082437515258789e-01
3.579882681369781494e-01 1.659131050109863281e-02 -9.335784316062927246e-01
3.564036488533020020e-01 1.423392444849014282e-02 -9.342238306999206543e-01
3.521643877029418945e-01 1.053375750780105591e-02 -9.358789324760437012e-01
3.452467918395996094e-01 5.688790231943130493e-03 -9.384946823120117188e-01
3.364167809486389160e-01 -1.519657671451568604e-04 -9.417129755020141602e-01
3.255259990692138672e-01 -6.179787218570709229e-03 -9.455124735832214355e-01
3.237358927726745605e-01 -9.509321302175521851e-03 -9.460994005203247070e-01
3.252874314785003662e-01 -5.821831524372100830e-03 -9.455969929695129395e-01
3.217255771160125732e-01 -3.642693161964416504e-03 -9.468257427215576172e-01
3.215047419071197510e-01 -2.902045845985412598e-03 -9.469034075736999512e-01
3.234038352966308594e-01 -2.788946032524108887e-03 -9.462568163871765137e-01
3.262241482734680176e-01 -2.280425280332565308e-03 -9.452895522117614746e-01
3.288034796714782715e-01 -7.144138216972351074e-04 -9.443982243537902832e-01
3.350354135036468506e-01 2.355366945266723633e-03 -9.422027468681335449e-01
3.445161581039428711e-01 8.490722626447677612e-03 -9.387419223785400391e-01
3.528642654418945312e-01 1.430210098624229431e-02 -9.355649948120117188e-01
3.572489917278289795e-01 1.348427683115005493e-02 -9.339118599891662598e-01
3.597425818443298340e-01 1.203635707497596741e-02 -9.329735636711120605e-01
3.585400879383087158e-01 1.121509447693824768e-02 -9.334465861320495605e-01
3.529731631278991699e-01 1.013074815273284912e-02 -9.355784654617309570e-01
3.434243798255920410e-01 8.960913866758346558e-03 -9.391376376152038574e-01
3.304475843906402588e-01 7.291242480278015137e-03 -9.437960386276245117e-01
3.131731748580932617e-01 7.532764226198196411e-03 -9.496658444404602051e-01
2.923343181610107422e-01 7.639825344085693359e-03 -9.562857151031494141e-01
2.797231078147888184e-01 1.314355060458183289e-02 -9.599905610084533691e-01
2.702077925205230713e-01 1.846791431307792664e-02 -9.626247286796569824e-01
2.630719244480133057e-01 1.428029686212539673e-02 -9.646704792976379395e-01
2.598501741886138916e-01 1.586096361279487610e-02 -9.655185937881469727e-01
2.563993036746978760e-01 1.438912749290466309e-02 -9.664639830589294434e-01
2.510991394519805908e-01 1.505050063133239746e-02 -9.678444266319274902e-01
2.449997067451477051e-01 1.578254997730255127e-02 -9.693945050239562988e-01
2.387418597936630249e-01 1.645248755812644958e-02 -9.709439873695373535e-01
2.351269125938415527e-01 1.735749095678329468e-02 -9.718097448348999023e-01
2.365770936012268066e-01 1.755898445844650269e-02 -9.714538455009460449e-01
2.385481148958206177e-01 1.603684574365615845e-02 -9.709979891777038574e-01
2.409060746431350708e-01 1.490524038672447205e-02 -9.704340696334838867e-01
2.433199286460876465e-01 1.369151845574378967e-02 -9.698495864868164062e-01
2.446866929531097412e-01 1.111626625061035156e-02 -9.695382714271545410e-01
2.449257969856262207e-01 8.282937109470367432e-03 -9.695063829421997070e-01
2.432735413312911987e-01 4.678312689065933228e-03 -9.699465036392211914e-01
2.381748557090759277e-01 -9.401515126228332520e-05 -9.712219834327697754e-01
2.278482466936111450e-01 -8.831523358821868896e-03 -9.736566543579101562e-01
2.100956439971923828e-01 -1.938840001821517944e-02 -9.774883985519409180e-01
1.907982677221298218e-01 -2.073156088590621948e-02 -9.814103245735168457e-01
1.750837564468383789e-01 -2.057602256536483765e-02 -9.843382835388183594e-01
1.521774083375930786e-01 -1.489446219056844711e-02 -9.882408380508422852e-01
1.253090351819992065e-01 -7.647730410099029541e-03 -9.920880198478698730e-01
1.010187193751335144e-01 -2.844566479325294495e-04 -9.948840141296386719e-01
8.414787799119949341e-02 8.397110737860202789e-03 -9.964175820350646973e-01
7.653752714395523071e-02 2.064240351319313049e-02 -9.968527555465698242e-01
6.749606132507324219e-02 3.346628323197364807e-02 -9.971581697463989258e-01
5.386856198310852051e-02 3.361650556325912476e-02 -9.979814887046813965e-01
4.005786031484603882e-02 4.231987148523330688e-02 -9.983006119728088379e-01
2.567598223686218262e-02 4.967359825968742371e-02 -9.984357357025146484e-01
1.327340118587017059e-02 5.576280131936073303e-02 -9.983555078506469727e-01
4.548040684312582016e-03 6.250422447919845581e-02 -9.980343580245971680e-01
5.834233015775680542e-04 6.818311661481857300e-02 -9.976723194122314453e-01
3.932109102606773376e-04 6.987711042165756226e-02 -9.975554943084716797e-01
5.881218239665031433e-04 6.659505516290664673e-02 -9.977800846099853516e-01
-4.185849800705909729e-03 5.691947415471076965e-02 -9.983696937561035156e-01
-2.026471123099327087e-02 4.542552679777145386e-02 -9.987623691558837891e-01
-5.435651168227195740e-02 3.240574896335601807e-02 -9.979955554008483887e-01
-8.421362936496734619e-02 4.346479848027229309e-02 -9.954994916915893555e-01
-1.072369292378425598e-01 3.980162739753723145e-02 -9.934362769126892090e-01
-1.286139190196990967e-01 3.452446684241294861e-02 -9.910932779312133789e-01
-1.437867134809494019e-01 3.309040144085884094e-02 -9.890553951263427734e-01
-1.533324122428894043e-01 4.280183091759681702e-02 -9.872471690177917480e-01
-1.642165929079055786e-01 5.523103475570678711e-02 -9.848766326904296875e-01
-1.840787976980209351e-01 7.165679335594177246e-02 -9.802961349487304688e-01
-2.133312374353408813e-01 8.415135741233825684e-02 -9.733487367630004883e-01
-2.330017983913421631e-01 8.749235421419143677e-02 -9.685323238372802734e-01
-2.491149008274078369e-01 9.149476885795593262e-02 -9.641426205635070801e-01
-2.609782814979553223e-01 9.341355413198471069e-02 -9.608141779899597168e-01
-2.626334130764007568e-01 9.800556302070617676e-02 -9.599052071571350098e-01
-2.544045150279998779e-01 1.039414554834365845e-01 -9.614960551261901855e-01
-2.390820086002349854e-01 1.037263721227645874e-01 -9.654431343078613281e-01
-2.246654033660888672e-01 9.836408495903015137e-02 -9.694585204124450684e-01
-2.181797623634338379e-01 9.136316925287246704e-02 -9.716226458549499512e-01
-2.156029641628265381e-01 8.775112777948379517e-02 -9.725304841995239258e-01
-2.202580124139785767e-01 9.179611504077911377e-02 -9.711123704910278320e-01
-2.267781943082809448e-01 9.612073749303817749e-02 -9.691913723945617676e-01
-2.401989251375198364e-01 9.571669250726699829e-02 -9.659928679466247559e-01
-2.568742334842681885e-01 9.228026866912841797e-02 -9.620289206504821777e-01
-2.737129330635070801e-01 8.987138420343399048e-02 -9.576031565666198730e-01
-2.896084189414978027e-01 9.043444693088531494e-02 -9.528634548187255859e-01
-3.033616840839385986e-01 9.477427601814270020e-02 -9.481502771377563477e-01
-3.157617151737213135e-01 1.020908355712890625e-01 -9.433301091194152832e-01
-3.261977136135101318e-01 1.075728833675384521e-01 -9.391606450080871582e-01
-3.327412009239196777e-01 1.092931777238845825e-01 -9.366633296012878418e-01
-3.371052742004394531e-01 1.085064411163330078e-01 -9.351931214332580566e-01
-3.456532359123229980e-01 1.046050935983657837e-01 -9.325135946273803711e-01
-3.615291714668273926e-01 1.042291149497032166e-01 -9.265164136886596680e-01
-3.790650367736816406e-01 1.011741310358047485e-01 -9.198226332664489746e-01
-3.933547139167785645e-01 9.512218087911605835e-02 -9.144528508186340332e-01
-4.013817906379699707e-01 8.544395864009857178e-02 -9.119168519973754883e-01
-4.024875760078430176e-01 7.585351169109344482e-02 -9.122771024703979492e-01
-4.001327157020568848e-01 6.954380869865417480e-02 -9.138149023056030273e-01
-3.982633054256439209e-01 6.229072064161300659e-02 -9.151532053947448730e-01
-3.963756859302520752e-01 5.478222295641899109e-02 -9.164524674415588379e-01
-3.977100253105163574e-01 5.210659280419349670e-02 -9.160302281379699707e-01
-4.020246863365173340e-01 5.369363725185394287e-02 -9.140530228614807129e-01
-3.982630968093872070e-01 7.098421454429626465e-02 -9.145201444625854492e-01
-3.863750100135803223e-01 8.632965385913848877e-02 -9.182925820350646973e-01
-3.735607862472534180e-01 9.855688363313674927e-02 -9.223550558090209961e-01
-3.687944710254669189e-01 9.802339971065521240e-02 -9.243279099464416504e-01
-3.699758648872375488e-01 9.789370000362396240e-02 -9.238695502281188965e-01
-3.741773366928100586e-01 1.026158928871154785e-01 -9.216622114181518555e-01
-3.794833421707153320e-01 1.049362346529960632e-01 -9.192283749580383301e-01
-3.803122043609619141e-01 9.936195611953735352e-02 -9.195052385330200195e-01
-3.831632733345031738e-01 8.946787565946578979e-02 -9.193372726440429688e-01
-3.896420598030090332e-01 8.784279227256774902e-02 -9.167669415473937988e-01
-3.939905762672424316e-01 8.747380226850509644e-02 -9.149425029754638672e-01
-3.936465680599212646e-01 8.695059269666671753e-02 -9.151408076286315918e-01
-3.867596685886383057e-01 8.293297886848449707e-02 -9.184435606002807617e-01
-3.716599643230438232e-01 7.366571575403213501e-02 -9.254410266876220703e-01
-3.466924428939819336e-01 5.947152897715568542e-02 -9.360913634300231934e-01
-3.181978464126586914e-01 4.587566852569580078e-02 -9.469136595726013184e-01
-2.907402813434600830e-01 3.421367332339286804e-02 -9.561902284622192383e-01
-2.813731133937835693e-01 2.121822535991668701e-02 -9.593638777732849121e-01
-2.787620127201080322e-01 3.060601651668548584e-02 -9.598718285560607910e-01
-2.756469845771789551e-01 4.299810528755187988e-02 -9.602964520454406738e-01
-2.689605057239532471e-01 5.868804454803466797e-02 -9.613615274429321289e-01
-2.601674795150756836e-01 5.389175191521644592e-02 -9.640582203865051270e-01
-2.561826407909393311e-01 4.421550780534744263e-02 -9.656163454055786133e-01
-2.532525956630706787e-01 3.637285530567169189e-02 -9.667161703109741211e-01
-2.499763667583465576e-01 3.173270076513290405e-02 -9.677318334579467773e-01
-2.444759160280227661e-01 3.372589126229286194e-02 -9.690683484077453613e-01
-2.393556088209152222e-01 4.076297208666801453e-02 -9.700760841369628906e-01
-2.379610687494277954e-01 4.901312291622161865e-02 -9.700369834899902344e-01
-2.457088083028793335e-01 6.035080552101135254e-02 -9.674631953239440918e-01
-2.532276809215545654e-01 5.547955632209777832e-02 -9.658143520355224609e-01
-2.662985622882843018e-01 5.566319823265075684e-02 -9.622820019721984863e-01
-2.862020730972290039e-01 6.025097519159317017e-02 -9.562731385231018066e-01
-3.057384490966796875e-01 6.160460039973258972e-02 -9.501200914382934570e-01
-3.213133513927459717e-01 6.264527142047882080e-02 -9.448982477188110352e-01
-3.259735703468322754e-01 6.183627620339393616e-02 -9.433542490005493164e-01
-3.209639191627502441e-01 5.782242119312286377e-02 -9.453244805335998535e-01
-3.118956089019775391e-01 4.940258711576461792e-02 -9.488312005996704102e-01
-3.057453930377960205e-01 3.669220954179763794e-02 -9.514060020446777344e-01
-3.149392604827880859e-01 1.890916191041469574e-02 -9.489234685897827148e-01
-3.316288590431213379e-01 2.475789934396743774e-02 -9.430848360061645508e-01
-3.487082719802856445e-01 3.438821434974670410e-02 -9.366003274917602539e-01
-3.629201352596282959e-01 3.999345749616622925e-02 -9.309613704681396484e-01
-3.751210868358612061e-01 3.883326798677444458e-02 -9.261616468429565430e-01
-3.860787749290466309e-01 3.494875133037567139e-02 -9.218034148216247559e-01
-3.962346315383911133e-01 3.168930113315582275e-02 -9.176023006439208984e-01
-4.055055081844329834e-01 2.993031591176986694e-02 -9.136030077934265137e-01
-4.132772982120513916e-01 2.970615401864051819e-02 -9.101206660270690918e-01
-4.195279777050018311e-01 2.984798699617385864e-02 -9.072514772415161133e-01
-4.255778491497039795e-01 3.017454408109188080e-02 -9.044187664985656738e-01
-4.322316944599151611e-01 3.111012466251850128e-02 -9.012255668640136719e-01
-4.388181269168853760e-01 3.353209048509597778e-02 -8.979499936103820801e-01
-4.421916604042053223e-01 3.759973496198654175e-02 -8.961321115493774414e-01
-4.439217448234558105e-01 4.261818528175354004e-02 -8.950513601303100586e-01
-4.460470080375671387e-01 4.695129022002220154e-02 -8.937773108482360840e-01
-4.475604295730590820e-01 5.206244811415672302e-02 -8.927371501922607422e-01
-4.480094313621520996e-01 5.652204155921936035e-02 -8.922399282455444336e-01
-4.467189311981201172e-01 5.893089622259140015e-02 -8.927315473556518555e-01
-4.433701038360595703e-01 6.191106140613555908e-02 -8.941981196403503418e-01
-4.332840442657470703e-01 6.280160695314407349e-02 -8.990663886070251465e-01
-4.159808158874511719e-01 6.515929102897644043e-02 -9.070354104042053223e-01
-3.942611515522003174e-01 7.275427132844924927e-02 -9.161141514778137207e-01
-3.713806867599487305e-01 8.310541510581970215e-02 -9.247538447380065918e-01
-3.459196388721466064e-01 8.802476525306701660e-02 -9.341258406639099121e-01
-3.203816413879394531e-01 8.958633244037628174e-02 -9.430429935455322266e-01
-2.962225377559661865e-01 8.759717643260955811e-02 -9.510934948921203613e-01
-2.736018300056457520e-01 8.296532183885574341e-02 -9.582579135894775391e-01
-2.540051043033599854e-01 7.703581452369689941e-02 -9.641302227973937988e-01
-2.381588071584701538e-01 7.149612158536911011e-02 -9.685907959938049316e-01
-2.273512631654739380e-01 6.673878431320190430e-02 -9.715231657028198242e-01
-2.205133587121963501e-01 6.372485309839248657e-02 -9.733000993728637695e-01
-2.114167958498001099e-01 6.811697781085968018e-02 -9.750191569328308105e-01
-1.919956207275390625e-01 7.898339629173278809e-02 -9.782119393348693848e-01
-1.592409759759902954e-01 8.736857771873474121e-02 -9.833663105964660645e-01
-1.215753629803657532e-01 8.257124572992324829e-02 -9.891416430473327637e-01
-8.990478515625000000e-02 7.001951336860656738e-02 -9.934859275817871094e-01
-6.654414534568786621e-02 5.949934571981430054e-02 -9.960082173347473145e-01
-4.849588125944137573e-02 5.175616219639778137e-02 -9.974816441535949707e-01
-3.361647576093673706e-02 4.938017949461936951e-02 -9.982138872146606445e-01
-2.632902935147285461e-02 5.578418448567390442e-02 -9.980956315994262695e-01
-2.539475262165069580e-02 6.341506540775299072e-02 -9.976636767387390137e-01
-2.647107280790805817e-02 6.138958781957626343e-02 -9.977626800537109375e-01
-2.919584512710571289e-02 5.764793604612350464e-02 -9.979099631309509277e-01
-3.309217095375061035e-02 5.064293742179870605e-02 -9.981685876846313477e-01
-3.825306892395019531e-02 4.331088066101074219e-02 -9.983289241790771484e-01
-4.232416301965713501e-02 3.430324420332908630e-02 -9.985149502754211426e-01
-4.235498979687690735e-02 2.761966921389102936e-02 -9.987206459045410156e-01
-3.788232803344726562e-02 2.300174906849861145e-02 -9.990172386169433594e-01
-2.957245893776416779e-02 1.748876273632049561e-02 -9.994096159934997559e-01
-1.763975061476230621e-02 1.443355530500411987e-02 -9.997398853302001953e-01
-3.687946591526269913e-03 1.514800731092691422e-02 -9.998783469200134277e-01
1.161103788763284683e-02 1.868858374655246735e-02 -9.997578859329223633e-01
2.864212170243263245e-02 2.394802868366241455e-02 -9.993025660514831543e-01
4.563170671463012695e-02 2.966134622693061829e-02 -9.985178112983703613e-01
5.879360809922218323e-02 3.835551813244819641e-02 -9.975326657295227051e-01
6.594353914260864258e-02 4.472752287983894348e-02 -9.968201518058776855e-01
6.953297555446624756e-02 5.398364737629890442e-02 -9.961174130439758301e-01
6.942113488912582397e-02 6.355143338441848755e-02 -9.955610036849975586e-01
7.439119368791580200e-02 8.023442327976226807e-02 -9.939962625503540039e-01
8.940830081701278687e-02 9.599342197179794312e-02 -9.913579821586608887e-01
9.891411662101745605e-02 1.087795272469520569e-01 -9.891324043273925781e-01
1.039211526513099670e-01 1.175766065716743469e-01 -9.876109957695007324e-01
1.044858023524284363e-01 1.228582784533500671e-01 -9.869084358215332031e-01
1.052065715193748474e-01 1.271070539951324463e-01 -9.862934947013854980e-01
1.036814898252487183e-01 1.308823078870773315e-01 -9.859615564346313477e-01
1.010955497622489929e-01 1.354580819606781006e-01 -9.856116175651550293e-01
9.777036309242248535e-02 1.391787976026535034e-01 -9.854291677474975586e-01
9.316818416118621826e-02 1.446571052074432373e-01 -9.850857853889465332e-01
9.083110094070434570e-02 1.474353075027465820e-01 -9.848918914794921875e-01
8.685056120157241821e-02 1.521216034889221191e-01 -9.845385551452636719e-01
8.271888643503189087e-02 1.558958888053894043e-01 -9.843034744262695312e-01
8.552772551774978638e-02 1.589901447296142578e-01 -9.835686087608337402e-01
8.689595013856887817e-02 1.601078212261199951e-01 -9.832673668861389160e-01
8.438098430633544922e-02 1.615430265665054321e-01 -9.832514524459838867e-01
8.319254964590072632e-02 1.629858911037445068e-01 -9.831147193908691406e-01
7.959832996129989624e-02 1.640587300062179565e-01 -9.832338094711303711e-01
8.181536942720413208e-02 1.682105809450149536e-01 -9.823500514030456543e-01
8.643789589405059814e-02 1.745740324258804321e-01 -9.808424115180969238e-01
8.983650803565979004e-02 1.759820729494094849e-01 -9.802853465080261230e-01
9.217935055494308472e-02 1.787336766719818115e-01 -9.795696735382080078e-01
9.398496896028518677e-02 1.876172274351119995e-01 -9.777354001998901367e-01
9.251034259796142578e-02 1.902124434709548950e-01 -9.773743748664855957e-01
9.490025043487548828e-02 1.950989812612533569e-01 -9.761814475059509277e-01
1.007857397198677063e-01 1.984616965055465698e-01 -9.749126434326171875e-01
1.099385917186737061e-01 2.066378444433212280e-01 -9.722208976745605469e-01
1.225947588682174683e-01 2.164803743362426758e-01 -9.685591459274291992e-01
1.418557465076446533e-01 2.237249910831451416e-01 -9.642735719680786133e-01
1.628392934799194336e-01 2.329714298248291016e-01 -9.587532281875610352e-01
1.828642338514328003e-01 2.408446818590164185e-01 -9.531815052032470703e-01
2.021015882492065430e-01 2.475625574588775635e-01 -9.475587606430053711e-01
2.180841118097305298e-01 2.530996799468994141e-01 -9.425389766693115234e-01
2.311581373214721680e-01 2.587129771709442139e-01 -9.378878474235534668e-01
2.472713887691497803e-01 2.649462521076202393e-01 -9.320194721221923828e-01
2.528378367424011230e-01 2.645523250102996826e-01 -9.306367635726928711e-01
2.452305257320404053e-01 2.572053372859954834e-01 -9.347229599952697754e-01
2.287192344665527344e-01 2.499394863843917847e-01 -9.408600330352783203e-01
2.085914164781570435e-01 2.541646957397460938e-01 -9.443989396095275879e-01
1.913318783044815063e-01 2.567597627639770508e-01 -9.473471045494079590e-01
1.773102134466171265e-01 2.554194033145904541e-01 -9.504325985908508301e-01
1.684675812721252441e-01 2.526466250419616699e-01 -9.527789950370788574e-01
1.680880337953567505e-01 2.413735389709472656e-01 -9.557638764381408691e-01
1.846677958965301514e-01 2.283646315336227417e-01 -9.559012651443481445e-01
2.028548568487167358e-01 2.115009427070617676e-01 -9.560949802398681641e-01
2.161776721477508545e-01 1.997518986463546753e-01 -9.557018876075744629e-01
2.270064353942871094e-01 1.919727474451065063e-01 -9.547852873802185059e-01
2.367153614759445190e-01 1.867651194334030151e-01 -9.534592628479003906e-01
2.455628663301467896e-01 1.849379539489746094e-01 -9.515760540962219238e-01
2.528921365737915039e-01 1.841050386428833008e-01 -9.498161077499389648e-01
2.587449252605438232e-01 1.848096847534179688e-01 -9.481011629104614258e-01
2.623147368431091309e-01 1.855041980743408203e-01 -9.469842910766601562e-01
2.637751400470733643e-01 1.877566277980804443e-01 -9.461340904235839844e-01
2.630962431430816650e-01 1.890881210565567017e-01 -9.460577964782714844e-01
2.612640857696533203e-01 1.923108398914337158e-01 -9.459163546562194824e-01
2.593441903591156006e-01 1.974284499883651733e-01 -9.453897476196289062e-01
2.579956352710723877e-01 2.009482532739639282e-01 -9.450175166130065918e-01
2.560840249061584473e-01 2.035585492849349976e-01 -9.449785351753234863e-01
2.527544200420379639e-01 2.069439738988876343e-01 -9.451396465301513672e-01
2.504206001758575439e-01 2.095064818859100342e-01 -9.451964497566223145e-01
2.469864487648010254e-01 2.082437425851821899e-01 -9.463781118392944336e-01
2.419351339340209961e-01 2.092655897140502930e-01 -9.474570751190185547e-01
2.339271306991577148e-01 2.082132995128631592e-01 -9.496973752975463867e-01
2.238259613513946533e-01 2.076745480298995972e-01 -9.522457718849182129e-01
2.103673666715621948e-01 2.061762511730194092e-01 -9.556340575218200684e-01
1.936577111482620239e-01 2.064118087291717529e-01 -9.591093659400939941e-01
1.739722490310668945e-01 2.086406797170639038e-01 -9.623942375183105469e-01
1.537188589572906494e-01 2.119567692279815674e-01 -9.651142358779907227e-01
1.322092860937118530e-01 2.172687053680419922e-01 -9.671167135238647461e-01
1.229046583175659180e-01 2.085949480533599854e-01 -9.702487587928771973e-01
1.298647075891494751e-01 2.022463232278823853e-01 -9.706857204437255859e-01
1.416409611701965332e-01 1.968611627817153931e-01 -9.701462388038635254e-01
1.624074876308441162e-01 1.918671429157257080e-01 -9.678895473480224609e-01
1.756143420934677124e-01 1.761397272348403931e-01 -9.685735702514648438e-01
1.764894723892211914e-01 1.669712364673614502e-01 -9.700373411178588867e-01
1.775275021791458130e-01 1.596406251192092896e-01 -9.710815548896789551e-01
1.794008016586303711e-01 1.535209119319915771e-01 -9.717236757278442383e-01
1.811095923185348511e-01 1.494343429803848267e-01 -9.720433950424194336e-01
1.841815561056137085e-01 1.470589637756347656e-01 -9.718285202980041504e-01
1.878169625997543335e-01 1.451793611049652100e-01 -9.714148640632629395e-01
1.926129162311553955e-01 1.449315100908279419e-01 -9.705128073692321777e-01
1.995651721954345703e-01 1.430910229682922363e-01 -9.693808555603027344e-01
2.066414505243301392e-01 1.403636932373046875e-01 -9.682960510253906250e-01
2.133288532495498657e-01 1.350487917661666870e-01 -9.676014184951782227e-01
2.200813740491867065e-01 1.289319992065429688e-01 -9.669234752655029297e-01
2.293707877397537231e-01 1.229577139019966125e-01 -9.655414223670959473e-01
2.397531867027282715e-01 1.164325177669525146e-01 -9.638266563415527344e-01
2.507750391960144043e-01 1.124352365732192993e-01 -9.614935517311096191e-01
2.593095600605010986e-01 1.092389002442359924e-01 -9.595965147018432617e-01
2.637854814529418945e-01 1.082822680473327637e-01 -9.584841132164001465e-01
